WEATHER DATA ANALYSIS SUMMARY
-------------------------------------
Average Temperature: 25.22
Min Temperature: 6.00
Max Temperature: 38.71
Temperature Std Dev: 7.35

Monthly Stats:
      temperature                         humidity
             mean        min        max       mean
month                                             
1       13.788630   6.000000  21.000000  78.322266
2       17.765299  12.375000  23.875000  67.247746
3       23.082035  16.125000  31.000000  58.160709
4       29.606122  21.000000  35.687500  37.598478
5       33.315889  25.250000  38.714286  35.739941
6       33.734011  26.625000  38.500000  50.628724
7       30.995782  25.500000  36.625000  70.631436
8       30.601777  26.600000  34.125000  70.469849
9       30.433216  25.200000  33.444444  60.724564
10      27.113154  20.875000  33.269231  61.220659
11      20.656855  15.571429  25.640000  60.613909
12      15.666317   9.000000  25.000000  72.392316